# Palette 2 Warna

plt2_01 <- c("#716674", "#E3806D")
plt2_02 <- c("#F05962", "#00A0AD")
plt2_03 <- c("#4DC4CC", "#FFE982")
plt2_04 <- c("#FFCB29", "#EE458B")
plt2_05 <- c("#572603", "#00A0AF")

# Palette 3 Warna

plt3_01 <- c("#6895D0", "#D53C3D", "#E3803C")
plt3_02 <- c("#17BCC2", "#CADB2D", "#545550")
plt3_03 <- c("#F15A21", "#69C7B7", "#AED135")
plt3_04 <- c("#D9E46C", "#FAC798", "#EA9181")
plt3_05 <- c("#43C0F6", "#F8CC2C", "#F71B82")

# Palette 4 Warna

plt4_01 <- c("#79A63F", "#342F35", "#D12034", "#A29368")
plt4_02 <- c("#DC0D8D", "#02A7E8", "#66BE42", "#F24D23")
plt4_03 <- c("#E24E42", "#E9B000", "#EB6E80", "#008F95")
plt4_04 <- c("#FEDC3D", "#000000", "#01ABAA", "#FEA680")
plt4_05 <- c("#945D60", "#626E60", "#AF473C", "#3C3C3C")
plt4_06 <- c("#F05041", "#AEB07B", "#3A4B4A", "#6CC5BB")

# Palete 5 Warna 

plt5_01 <- c("#591E23", "#D94E67", "#F2D8A7", "#A68572", "#73503C")
plt5_02 <- c("#5EA12F", "#FCEBB6", "#78C0A8", "#F07818", "#F0A830")
plt5_03 <- c("#E5EEC1", "#A2D4AB", "#3EACA8", "#547A82", "#5A5050")
plt5_04 <- c("#99B898", "#FECEA8", "#FF847C", "#E84A5F", "#2A363B")
plt5_05 <- c("#AFB6FE", "#ABC85A", "#E5C3FF", "#9851B9", "#543D8B")
plt5_06 <- c("#6E3659", "#BD4585", "#D47EA5", "#D1DAD7", "#D8C77F")
plt5_07 <- c("#321519", "#DD503C", "#F0AA17", "#B87EBB", "#743D74")
plt5_08 <- c("#F8B195", "#F67280", "#C06C84", "#6C5B7B", "#355C7D")
plt5_09 <- c("#6AC6BD", "#FEB62B", "#EC4935", "#C8B74D", "#242931")
plt5_10 <- c("#C4D4EO", "#9AABB9", "#E2B49A", "#E9C77B", "#193446")

# Palette 6 Warna

plt6_01 <- c("#B9F291", "#4AC294", "#5E5A59", "#F72349", "#FF835D", "#F6DC85")
plt6_02 <- c("#127AA1", "#361F6C", "#BB3874", "#D6D1E8", "#C2CC4E", "#293647")
plt6_03 <- c("#ACA8B9", "#746979", "#43403B", "#BC5953", "#CDBCAC", "#CDDABC")
plt6_04 <- c("#67A8B8", "#3E4A3E", "#412F38", "#732F45", "#B75F6C", "#F5CD9F")
plt6_05 <- c("#6E3568", "#451954", "#1B0921", "#38529D", "#89C7E5", "#D9D9D9")
plt6_06 <- c("#EDD8BD", "#D0655B", "#40303D", "#44453F", "#91B9C5", "#CBD0C9")
